Alice:<0.904.0> 
Bob:<0.905.0> 
Server:<0.906.0> 
<0.904.0> Message {<0.904.0>,<0.905.0>,0.27712253062839975} sent to server!
ok
Received server's reply <<232,4,203,181,44,89,73,245,191,249,108,203,157,154,
                          110,112,28,57,115,13,73,199,28,23,69,39,136,190,121,
                          197,143,62,187,234,97,211,103,138,147,228,11,78,7,
                          186,68,172,14,120,97,190,95,229,247,67,234,21,255,
                          214,50,105,55,225,96,178,201,150,134,73,78,138,13,
                          177,9,3,88,199,168,51,65,147,138,181,128,220,135,177,
                          104,232,78,221,201,75,71,211,80,229,73,41,17,126,216,
                          38,245,22,7,138,206,39,2,35,66,207,36,191,115,37,84,
                          77,153,65,209,4,243,123,146,206,131,90,47,113,4,135,
                          143,109,165,37,203,216,27,154,171,130,228,90,247>> to <0.904.0>!
<0.904.0> decrypted Server's message: {0.27712253062839975,
                                       <<"alicebobalicebob">>,<0.905.0>,
                                       <<3,239,224,159,107,68,217,144,157,251,
                                         33,189,5,163,135,137,137,204,249,168,
                                         109,199,189,203,60,19,96,206,48,0,
                                         108,0,2,51,238,56,169,85,148,233,126,
                                         220,235,74,192,214,191,82,24,161,61,
                                         18,162,159>>}
<0.904.0> forwarded message <<3,239,224,159,107,68,217,144,157,251,33,189,5,
                              163,135,137,137,204,249,168,109,199,189,203,60,
                              19,96,206,48,0,108,0,2,51,238,56,169,85,148,233,
                              126,220,235,74,192,214,191,82,24,161,61,18,162,
                              159>> to <0.905.0>, need authentication reply!
<0.905.0> decrypted <0.904.0>'s message {<<"alicebobalicebob">>,<0.904.0>}
<0.905.0> replied <<79,16,35,42,75,16,46,148,236,250,97,58,90,150,78,64,32,60,
                    215,156,22,198,122,0,240,198,244,16,55,171,75,253,76,232,
                    120,180,163,220,37>> to <0.904.0>. Authentication complete!
<0.904.0> decrypt <0.905.0>'s message {0.793034544611185}
<0.904.0> sends back <<79,16,35,42,75,16,46,142,240,237,98,60,80,148,78,64,69,
                       86,143,254,45,62,159,8,221,91,161,28,21,237,235,156,157,
                       152,65,187,198,4,189>> showing she's alive!
<0.905.0> decrypted <0.904.0>'s message {-0.20696545538881495} and verify nonce
<0.905.0> sends hello to <0.904.0>191> 
