Alice:<0.112.0> 
Bob:<0.113.0> 
Server:<0.114.0> 
Intruder:<0.115.0> 
<0.112.0> Message {<0.112.0>,<0.113.0>,0.37030077238742565} sent to server!
Received server's reply <<232,4,203,181,44,89,73,244,191,249,107,201,159,152,
                          108,116,19,186,127,143,198,102,46,69,44,93,92,24,116,
                          131,135,105,54,98,138,178,34,19,157,103,219,124,70,
                          254,145,205,70,213,151,233,76,246,25,120,188,36,8,
                          186,157,17,196,189,229,16,115,133,249,224,104,65,85,
                          178,36,66,20,124,188,40,171,209,193,156,93,8,216,38,
                          63,172,77,152,242,101,12,57,105,161,191,89,249,129,
                          23,176,28,0,15,238,98,129,132,7,169,243,143,153,213,
                          79,106,123,241,250,80,79,42,216,65,141,201,65,137,90,
                          204,42,4,109,239,106,17,28,30,54,139,116,3,131,72,
                          129,169,124,69,55>> to <0.112.0>!
<0.112.0> decrypted Server's message: {0.37030077238742565,
                                       <<"0.56652146295234">>,<0.113.0>,
                                       <<3,239,224,159,107,69,217,144,157,251,
                                         33,236,71,255,210,218,194,54,173,156,
                                         13,152,66,154,209,192,178,53,188,10,
                                         57,40,56,41,134,163,31,1,71,95,186,
                                         134,61,251,48,245,15,102,33,128,187,
                                         125,195,3,189,146,200,176,203>>}
<0.112.0> forwarded message <<3,239,224,159,107,69,217,144,157,251,33,236,71,
                              255,210,218,194,54,173,156,13,152,66,154,209,192,
                              178,53,188,10,57,40,56,41,134,163,31,1,71,95,186,
                              134,61,251,48,245,15,102,33,128,187,125,195,3,
                              189,146,200,176,203>> to <0.113.0>, need authentication reply!
<0.113.0> decrypted <0.112.0>'s message {<<"0.56652146295234">>,<0.112.0>,
                                         62894372}
<0.113.0> replied <<253,18,128,215,229,118,208,36,44,167,220,252,6,127,2,111,
                    88,76,111,28,198,244,156,212,122,250,93,199,51,117,86,167,
                    104,88,33,122,229,81,201>> to <0.112.0>. Authentication complete!
<0.112.0> decrypt <0.113.0>'s message {0.9606117574482705}
<0.112.0> sends back <<253,18,128,215,229,118,208,48,49,191,213,249,15,118,7,
                       110,142,118,234,20,37,124,44,102,16,133,83,1,102,194,81,
                       212,65,222,158,60,217,208,60>> showing she's alive!
<0.113.0> decrypted <0.112.0>'s message -0.03938824255172946 and verify nonce
<0.113.0> sends hello to <0.112.0>


 Intruder coming in

ok


 Intruder coming in

<0.115.0> forwarded message <<3,239,224,159,107,69,217,144,157,251,33,236,71,
                              255,210,218,194,54,173,156,13,152,66,154,209,192,
                              178,53,188,10,57,40,56,41,134,163,31,1,71,95,186,
                              134,61,251,48,245,15,102,33,128,187,125,195,3,
                              189,146,200,176,203>> to <0.113.0>, need authentication reply!
<0.113.0> decrypted <0.115.0>'s message {<<"0.56652146295234">>,<0.112.0>,
                                         62894372}
Timestamp expired, not able to communicate!