Alice:<0.61.0> 
Bob:<0.62.0> 
Server:<0.63.0> 
Intruder:<0.64.0> 
<0.61.0> Message {<0.61.0>,<0.62.0>,0.2644847798007408} sent to server!
Received server's reply <<232,4,203,181,44,89,73,245,191,248,111,206,151,156,
                          108,116,231,78,5,177,192,232,252,176,61,213,50,216,
                          224,255,35,44,86,229,201,242,88,64,60,253,50,30,8,
                          195,185,158,129,1,47,239,235,151,56,224,51,31,71,11,
                          187,219,5,195,234,179,255,172,155,90,37,228,69,64,93,
                          241,63,78,217,14,13,79,204,59,191,115,223,228,104,
                          119,231,30,13,223,190,161,101,242,38,25,111,61,255,
                          44,53,135,81,252,241,103,61,91,87,8,238,147,197,197,
                          111,123,175,50,231,189,95,247,208,49,7,191,179,239,
                          179,234,64,146,210,194,134,233,191,27,92,71,215,89,
                          181,19,24,117,153,237,206,16,198,12,182,208,108,170,
                          101,71,138,72>> to <0.61.0>!
<0.61.0> decrypted Server's message: {0.2644847798007408,
                                      <<"0.44388655403152">>,<0.62.0>,
                                      <<3,239,224,159,107,69,217,144,157,251,
                                        33,236,71,254,208,223,51,106,59,219,
                                        127,206,191,57,86,121,224,45,55,193,
                                        197,26,205,142,162,218,158,129,77,78,
                                        35,142,87,168,3,135,154,202,228,205,
                                        239,183,175,25,164,231,76,235,12,128,
                                        120,246,104,23,185,158,177,208,131,66,
                                        187>>}
<0.61.0> forwarded message <<3,239,224,159,107,69,217,144,157,251,33,236,71,
                             254,208,223,51,106,59,219,127,206,191,57,86,121,
                             224,45,55,193,197,26,205,142,162,218,158,129,77,
                             78,35,142,87,168,3,135,154,202,228,205,239,183,
                             175,25,164,231,76,235,12,128,120,246,104,23,185,
                             158,177,208,131,66,187>> to <0.62.0>, need authentication reply!
<0.62.0> decrypted <0.61.0>'s message {<<"0.44388655403152">>,<0.61.0>,
                                       {1386,118348,356422}}
<0.62.0> replied <<23,216,3,187,175,173,245,248,92,79,189,104,119,86,193,253,
                   79,88,5,152,245,47,31,228,195,236,24,208,195,115,79,103,142,
                   5,102,65,59,152,255>> to <0.61.0>. Authentication complete!
<0.61.0> decrypt <0.62.0>'s message {0.6529687688519559}
<0.61.0> sends back <<23,216,3,187,175,173,245,227,65,84,187,102,113,93,199,
                      249,108,31,119,131,125,210,221,163,94,112,177,67,68,41,
                      161,54,74,61,168,128,252,113,125>> showing she's alive!
<0.62.0> decrypted <0.61.0>'s message -0.34703123114804413 and verify nonce
<0.62.0> sends hello to <0.61.0>


 Intruder coming in



 Intruder coming in

<0.64.0> forwarded message <<3,239,224,159,107,69,217,144,157,251,33,236,71,
                             254,208,223,51,106,59,219,127,206,191,57,86,121,
                             224,45,55,193,197,26,205,142,162,218,158,129,77,
                             78,35,142,87,168,3,135,154,202,228,205,239,183,
                             175,25,164,231,76,235,12,128,120,246,104,23,185,
                             158,177,208,131,66,187>> to <0.62.0>, need authentication reply!
<0.62.0> decrypted <0.64.0>'s message {<<"0.44388655403152">>,<0.61.0>,
                                       {1386,118348,356422}}
Timestamp expired, not able to communicate!
true