Alice:<0.48.0> 
Bob:<0.49.0> 
Server:<0.50.0> 
ok
<0.48.0> Message {<0.48.0>,<0.49.0>,0.35526100675264516} sent to server!
Received server's reply <<232,4,203,181,44,89,73,244,191,251,110,200,153,153,
                          107,115,148,85,43,146,251,215,159,210,92,160,143,43,
                          248,129,187,230,62,7,40,24,107,54,190,91,206,117,249,
                          50,215,63,187,121,28,134,214,15,215,224,231,110,202,
                          112,219,231,140,98,77,209,159,122,47,70,58,149,118,
                          204,85,75,231,38,199,90,118,5,101,220,129,193,57,184,
                          208,108,29,193,10,193,27,192,113,37,179,128,180,181,
                          199,206,147,116,92,56,172,3,54,35,226,199,105,160,
                          155,88,251,67,122,79,136,223,54,62,59,62,80,41,218,
                          30,197,120,8,164,194,213,162,174,46,170,208,11,78,
                          232,54,48,119,167,201,143>> to <0.48.0>!
<0.48.0> decrypted Server's message: {0.35526100675264516,
                                      <<"0.60919366513077">>,<0.49.0>,
                                      <<3,239,224,159,107,69,217,144,157,251,
                                        33,236,71,252,212,213,213,132,81,159,
                                        98,125,212,166,182,2,94,213,183,86,98,
                                        181,84,199,92,123,44,33,151,166,185,
                                        29,205,10,89,192,0,170,184,78,211,65,
                                        84,247,128,174,223,196,244>>}
<0.48.0> forwarded message <<3,239,224,159,107,69,217,144,157,251,33,236,71,
                             252,212,213,213,132,81,159,98,125,212,166,182,2,
                             94,213,183,86,98,181,84,199,92,123,44,33,151,166,
                             185,29,205,10,89,192,0,170,184,78,211,65,84,247,
                             128,174,223,196,244>> to <0.49.0>, need authentication reply!
<0.49.0> decrypted <0.48.0>'s message {<<"0.60919366513077">>,<0.48.0>,
                                       62171306}
<0.49.0> replied <<37,110,3,250,28,139,33,83,247,126,73,170,146,244,146,153,55,
                   151,233,60,253,38,176,89,191,7,54,130,42,46,137,234,93,184,
                   48,232,174,18,239>> to <0.48.0>. Authentication complete!
<0.48.0> decrypt <0.49.0>'s message {0.42952806476141747}
<0.48.0> sends back <<37,110,3,250,28,139,33,74,236,98,71,175,148,251,147,150,
                      67,211,49,5,160,16,169,194,76,193,159,17,208,114,84,138,
                      96,60,249,216,121,120,131>> showing she's alive!
<0.49.0> decrypted <0.48.0>'s message -0.5704719352385825 and verify nonce
<0.49.0> sends hello to <0.48.0>