Alice:<0.48.0> 
Bob:<0.49.0> 
Server:<0.50.0> 
<0.48.0> Message {<0.48.0>,<0.49.0>,0.44701979410637405} sent to server!
Received server's reply <<232,4,203,181,44,89,73,243,191,250,108,202,158,145,
                          108,122,134,119,50,93,43,128,72,22,55,110,109,132,
                          254,159,43,125,47,6,160,54,218,130,13,85,35,9,150,
                          213,171,61,124,149,159,84,30,194,232,62,61,201,196,
                          32,27,112,149,11,148,225,239,116,84,247,169,26,11,
                          154,233,100,143,234,176,44,168,214,11,115,49,115,55,
                          68,154,112,73,183,8,24,11,147,203,85,46,76,165,209,
                          201,99,5,116,65,236,12,184,139,201,65,241,6,64,102,
                          52,134,230,0,37,4,192,156,193,103,43,46,140,150,64,
                          49,249,209,102,158,189,108,54,147,221,109,251,123,60,
                          50,1,105,53,11,108,112,88,132,39,245,13,19,76,134,
                          243,160,109>> to <0.48.0>!
<0.48.0> decrypted Server's message: {0.44701979410637405,
                                      <<"0.92022495190738">>,<0.49.0>,
                                      <<3,239,224,159,107,69,217,144,157,251,
                                        33,236,71,243,214,220,134,105,196,147,
                                        145,241,67,74,158,103,79,180,79,21,
                                        147,67,216,11,240,188,83,253,31,45,10,
                                        4,195,255,140,17,204,239,95,126,156,
                                        198,6,29,20,232,113,151,134,235,152,
                                        51,150,129,222,34,120,48,228,234,228>>}
<0.48.0> forwarded message <<3,239,224,159,107,69,217,144,157,251,33,236,71,
                             243,214,220,134,105,196,147,145,241,67,74,158,103,
                             79,180,79,21,147,67,216,11,240,188,83,253,31,45,
                             10,4,195,255,140,17,204,239,95,126,156,198,6,29,
                             20,232,113,151,134,235,152,51,150,129,222,34,120,
                             48,228,234,228>> to <0.49.0>, need authentication reply!
<0.49.0> decrypted <0.48.0>'s message {<<"0.92022495190738">>,<0.48.0>,
                                       {1386,118260,166473}}
<0.49.0> replied <<201,227,175,97,207,12,230,72,125,108,249,60,245,180,184,169,
                   173,104,200,201,3,201,84,144,17,179,108,19,24,235,162,191,
                   195,74,238,169,173,46,214>> to <0.48.0>. Authentication complete!
<0.48.0> decrypt <0.49.0>'s message {0.015070448724980201}
<0.48.0> sends back <<201,227,175,97,207,12,230,84,106,119,241,63,252,178,181,
                      164,7,85,19,22,119,68,111,106,96,168,40,54,1,18,134,22,
                      134,190,48,137,140,223,185>> showing she's alive!
<0.49.0> decrypted <0.48.0>'s message -0.9849295512750198 and verify nonce
<0.49.0> sends hello to <0.48.0>
true